1111

,111111 (111111, 11111111 11111111, 11111 , 127.

arator-ic. petit· 11 111 Ι1111111111. la 111 1111 11 111111
11111111 11111111, 813. 81 11111316.

1191111111 (11111171111111111 111111111111111 1111 11
8111111111 1111 1111111111 81111-Ρ11111-11·(1111·1’01 11
21111319. Boeoti, 111111 111111111111111 Au 11111, 283.

,1111(11111111111111911111,1111111111 1111111111,
11111811111111,111111111111111111111111111111111,
19. 8111 111 11111111111,1111. Soita 1111111 1111111111,
60111111.8111111111111111111,65.11 101111 11111 con·
111111111111 1111111111111111111111,1111111111111111·
tempo. 1611. 111111.

d ,3111111(1·1ἑ1111111),111111111111111111191111111

1 11115.

Basilo, 111111111111111, 1111111111111111111111111

11 magia. 95. 8111111111 11 11111111 1131111111111111, “

91. Va trouver 1111111 1111111111 1111 trompe. 11 11111
1111 1111111111111111111811111,98.11ἷ1111111111111
chrisa, 99, 100. 81111111 Roma 11 yar 111111 111, 101.

8111111111111111 l’am 111 1011111, 1191111111
qu’il 1111 111831111150. 10111 1111111111 11611, 1121111
11111111, 111. 811 1111111111ὸί1.

81111111. 011 111111 1111111111 111111111111111, 139.

8111111 (sarug. 1111 1181111, 211. La reooit 1111111
11111111 8111111, 212.

11οέ11. 811 111111111111111111111, 1, 2. 811 1111111111
111111111111 111111 varta. 111111111111111111111,1,1.
ΙΙ 1111111 11 11111111 1111111111 111111111111 ; 11 1111111
1111 11 prora atdans 111111161111111 Flavius Boane
19111911·11111111881211211ἒὲ911.ᾛὲ
1111111 1111111111 1111111 ;11111111111111111111111, 11,
15. 811 1111111111111111111111 1111111111. 11 1111111
11111111111111111111.1111118111111
11 111111111111111111111111111111118111 11111111
1111111111181111,22. 2811 11111111111111 yriqaa 11
’1111111111111111 1111111111 1111, ibor. 81 1111011111111,
213. 11111111111111111111111113111111111111111111·
11111111111111111112111111111.1111
111111, 30. ii 111111111111111 [11111111. 31. 811 applica·
1111 1111111101 111 11111111 11 a 111111, 11111811 pra·
1111111111111113111111111311111101ἓέ11211
38. 81111111111111111 111 1111111181111. Η1111111111Ῑ
1111111111111 11 111-111111 1111 111 11111111, 11. Ii
arcella 111111111111111111111111111111111111,10. 11
1111111111 1 111 hydrauiiquaa 111 111 1111111 pour 11 111
da 8111111311. par ordra 11 7111111111, 12, 511111111-
11111111111111111111111111 111811131111111, 60,67.
8111111111 1111 11111111 111111 1111111111 11 81111-
11111, ibid.. 70. 11 11111111 'theodorio 11 1111111111
3111111611111Λ1111 proditque 1111111111 u’en 1111
11111111111611. [111111111111 7111111111, 76. 1311111·
11111 111111111111111111111111 11111111111, 71811111-
1111111111111111111111,87,88.8111111 111111111111
1111 111111111111111, 181111111111111111111111111111
11111189, 90111111. 11 1111111111111111111111111 111111-
3111111 11111111 111 11111111111111111 (1111 1111 11111111
1111111111111 11 1111111191 111111. 111111111111-
111, 101. 11111111111111111111 11 Phiioaophia. 107, 108.
1111111111111111111111111111111111111111111,110811
111111111111111111111 11111111 aaran 111 pauvres, 117.
811 maximas 111 l’obligation que 111 grando 1111 11111111
Jonas-christ, 1111 11111 princi 11111111, 118111111, 11
111111111111121. 1811. 11111111111111111
11 Τ11111111,120, 121. 11 1111111111 1111111111 1111111111
111 11 propia. 122. 11 1111111111 11111111111 injurios
111111111111111Τ111111111, 128, 121. 111111111111111-
1111111111111111111111111111111111111111116111111111
1111111. 212, 219. 81 11111811111111111111 11111111,
toiri. 11 exerce la 11111111111111111 111111118111111-
1111111111111111111-111111111,216.01111111111111
11111111111111111. 100. 318. 01111 111111 111111111111
81111 11 11111 noma. 212, 213. 11 pobiio 11 profession 11
foi. 181 11111181111111111111111111111111111111111111
8111111229111111. Pro 11111111111111111111111111111
11111132. 811111111111011111111111111111 21111111·
1111111111111111,1111.8111111 pour 11 1111111111 11
111111 1111 11111 1111111111, 231 111111. 11 111111111111
11 1111111111 111111 11111111 1111. 231. 11 1111111111111

0211801111 PRAECEDENTES INDEX ariminus,

1191

11111111111111811111, 212. ll vient 1 varona 11111
111111111111111 1111111111111111 11101111112 ,261
11 111111111111111111111111111111111111111111111-
111111 111 1111111, 11 111 1111111111111111111111111 Cy·
β1111,261,211. cyprian l'aooaaa 11111111111111 111111

EM. 261. ’1111111111 11 1111111111, 215. La 11111111 111·
damna 11’1111,276.219. Injustioe da 111 1111111111. 01
111111 de 111111111111 11111111 Jaatifloaiiis. 281. 81 111-
1111111 11 patience 1111 11 prison, 282. 11 111 11111111
21111282. 811 1111111111 dana 11 prison, 212, 290. ily
1111111111111111111111111, 111111 111111111111111111
&tioi‘o‘iiiirii‘oiii‘aof‘ioufiii?32¹0·

. . 111 . 111 1
1111111111111111111111 110 1111111291, 296111110. 81
mort. 299. 811111111111111, 101, 102. 8111118111, 801.
11111111111111111111111111111811111111111111111
11 mort, 191 111111. 1111111111111 111711111111 meme,
101, 308. 81111111 1111111 11 11111 par 11111111 111
1111111111, 11111811111, 111 1111 pavie. 3218111111
111111111 qo'oo 111 111111, iord. Τ1111111111111111111
1831111 11 Parra 111 111111111111111111 111 martyra,
321. 811 11111 111111111111 18111111, 328. Honnaurqu'on
111 1111 comme 1 11 mart r, 821. 121, 328.

Bonae. [111111111113111111111111 1111 111 111111111,
81111111111 n’aai 1111 111111111111, 1111111111111
gagg 1ἕὲ11ῧ11111, 86. Eo quoi 1111111111111111111111

1 1 ·

8111911111. 1111111111 royaoma 11 8111111111, 11.
81111111111111116111111 11111111111111111111111111111
111111111111 barbarea, 1 1116.

C

Gabaon 111111 2111111111119111111111,2171111111
11 8111 111 1111111111. 218. 811111111111111111, 219.

Gor, roi 111 Lauriana, 223. 11 11111 181111111111111
11111111 11 l'em 11111111111111111111111 11111 81111,
ibid. ΙΙ 111111 fo 11111111 ς 11 111111 valerianae 11111
’911113111111111111118111113111211111
111 magicam, 91.

(21111111 (raiol), 111111 111111, 111111 11 1111111111
1111111111111111118111111111111111111111111111111111,
129, 130, 131. 11111111 18111111, 11111111111111181111
111 111111111, 181, 182. li 111 11111111191111111111
11118111ῗῖ1ἱῖ111193111111111111111111111
tribue 1111111111. 13111 guerit par 11 priora 11 hamma

111111 1111, 191. 116.11111811111111111111111111 11
&coi .0oluirend 11111111111111111,1381111111111
11 111111111111111111111111 ragramenapourlaassgli-
11111 111111111111, 139. 110.
Chalcedone. Conoila 11 611111111111111111111111111
8111111138. 1111111111111111111111111111 d’Eutyohorr
11111-8111111 111111111 111111111111 1111 1111111111111
11 deux 1111111, 1611. li 11111 beaucoup 11 moderatiora
111111 111 111111111111111111111.1111111111181111111
patriarche d'Aiexaodria 111. 1.·11111111111111111 111111
1111111111 11111111181111111, 111. 116.
clotilde (111111). 11111 11 (1111111111, 111111111111
9111 1111111111811111, 18.
011111,ρ1111111111111111111 z 1111111111111117111111-
1181111111111111111111111311 iiiiii&
‚ . 11
(111111,11.Μέ111111111111111011111111111111171. 1111
11111111111111111 111 11111111 11 7111111111, ibid. 11111·
ralia 1131111110111111111 1111111, 72. 11 111 1111111 11
guerra. 1111111111 1111111111 111 11 11 propre 11111, 73
111111.
Comata 11111111111111 qai 11111 11 121, 211.
consertum 161111111111111111181111, 11 aqualia
11111111, 11. 80111111111111118111111111111111111
1311111111ι 1ἶέ 1111 naturas at d'ona 11111111 11 11111·
111, .
(1111111111εά1 &roquos oaiiroiiqoerda Bourgogoearae
lfao graqabagdariana, 61 111111. 111111111111111111111·
oo 1111.
611111111111111111Τ111111111, 129. 8111111111111,1111.,
121. 811 111111 par 81111 111111111111111. 121, 121. 11
1111111111111111111 111 81111216 11 1111. Voyar Tri·
111.

⁹ 01111111111111 11 Ρ11711111111,11111111111111111111·

r 11ἓ gf 81111, 290. 81 1111111111 11111 111 1111111·
or ..

p oy’morianr, 111111111111111111111 1 11 111, 112.
cyprian. 111111111111 11 7111111111. 261. 811 ararica

cour 11 1111 protei da 11111111, 286. 811 1111111111 11111- 11111111111111111111111;11111111111’111111,262. 81111

1111111111111111111111111111112308111111111111·
11 11111111,21111111111111111111111 roua 11111 811111

prinoipai 111111111111 81111, 261 111111,
cyrilla 011111) 1111111111. Quaqua-ana· 11 111

 

