1171

APPENDIX An BOETIUH.

1181

01000110 les armes, 0001 neus 0101010000 dans 1000ος Α 00100 y 00011 faites pour 11 00000101 010 0010010 01

0000000 n’en 10010 1000011 000011 00000011 ne 0001
1000001011 pertire 10 vie. vivom-y 0001 10 0001011000,
0000100000101100011100, 10000001, 11010010100001 01
11110001; 10000001 01 nos 0101 10011100 1000010110
10000111, 0οί 00011011000100000 1101012191 00 puis-
1001010100000000. 1011000 101000 01 {oin 1000000111
1101000000 les de'sordres 000 0001000101 commutent
0000 1011100ρὶ0000 Dieu 010 0101110οι0 01100 00100000
qu'ils [001 0 ses ministres.

00 100001, chacun 011111,111 11011001 00 01001111

80101. 11 0101 0000001000000 100 001001οε0 010 001-
000 000 [1110 010011 01000001 0000001 10 0000011)
0000 magistratum 0000010 000 deux 10000000 qui
1000101010οῑ 01100 001 000 000010 bien 01 1001110.

11 10100101 d'un 00100 qui 01101 001 moins 000001·
0001. Les 10010001000110010 00 1100010000 Colchide,

10100101001011Ρ10011, 10 1000010001 1001 0·ου 00001
11101 00 heus-Christ. 01 1000 roi, 000000ιί 000 00 mi·
00000010 00000001 0 000 0001100111, envoy· 10
011011ῑο010ιο0 0010011οἀ0000 00 0000 hormisda

10100 hommage 0101000001010010 01010000 00 000
0000000 00 10000. (22³) Ce 0100001001οῑ 01 subit 00001·

00000 00 100010000110000101, 110001 1000 100 lieux 118 1881818111, 111811 11 011 trop 01100 pour 10 00000010
00 0110 avait 0001000 101 1011001, 01001011 111 001111, 18 1811111 1118111 1111111111 81881118 11811110·
00100011100011011,11101000001010011010111100000· ennam, 1881181, 11881 81811, 88 1811081811 000
0100111010101111100001101000001011 000 0101000111 (111018811811111118888011800100 Peroe 01000010
[000110110111111. 0000000100001110100100011ου0 111111 18118, 111881’1118111.18 1100110 011000800000
00001101. 111 0111000001 111 001010, y 0011100001 011 1111181111· 811· 5 1181101. 0. 111). ll 00001 0001001
00010001, 11 00101011 00010010 0000010001οι 000 mi· Β 11111111 1111111111 111111 (11111 111811 18111. 11 111 8181111
0111011 00 80130100. 01 000 131011 00 0001010101101010 00010 01 000 1001-
110000 011 10000101 0000000100 000000001;01Ιο 1811111118·01111111111·1111111 11111111111111 111111 11111811
1101100000 00110001 011 ’101001110100 et 00 00100. 11010001010111100 1000ος mais 00 101 1001 0000010
001101000001000010,10010001Σο0000 0001101οο00οο 111111111’111111111(111111111 1111111 1111111118 1881111
00 002 ordre de 000010, Αμῃι un grand nombre (10 00011001100011, 011’01110[“011000100 1001)οι0 00 110·
0100000000,11110 111 montet 000 101 0100 00001110 111111111111111111111111 1111 11111111 11111111 1111111111
00001101’00001101100100; 1100 0000001000 0001000οι 11111· 1111111811 811 1118118111110011· 11001100000110
10 00001, 1011001 1000 (220) 00100110 000111 1’000000; 1111118111 111 118111111111 11 111111 1111111111 ι· 11 11881111
00100 100 0100101000 i} 0Ιο00 10 00110 01 111 0100. Des 1111111111181111111 11111111 W 110 00001οα0000ηο
0001101100001001001010 10 000110 00 10011, comme 111111 1118111111 8111818810* 11110111 qm· aeconomum
1110’οῑ01101000001 000 00 100001 0100100010, dont 8111811111111811111118118111 11 111 81 18181118111’011
11100 0000010οῑ 10 000010 000 00 0001, 111 100101 ar· 11 118111111111 111111 111 11111811, 1011 <e 081 0000110
00110,11,101001001 010010 00 1000 00110. ils 100101 111, 01 10 111111 0101111 &y 1000001010 10010001. 00 no
01001010010000100000;11001010000000010000000· 1811(1111181181111111111111111118 11 1118111 ‘ft-‘25⁰3
000 1001100 000 10 0001000 0011100 0001οἰ101 100 110· 111111181111111111111111111111 11111 111 1131811111 111
01000 1001001101,0000001οἰ0011110000111οε 00 0001101001 1111111 11111111 11111 1101111111· 13111111881 8881111081
0010100000101 001 100 101 00101ος 00 10010 0000 111111181111101111111111111111111118170111001010
01010100 10011 1000010 1001001110 000101110000000· 111· 1110111111111111111111111 1181111 1118 800881
1011001 ’1001000000 10 ayant 00000011 111 00100100Ι 111118111181111 8111111181 11 1111883001 Mai· 10
10100110000100011000000000010.11 101 01 10011101 11111181111111111111111111 1111101111 8118111ὲο 081
10001011, 000 0100 00 110 001 000101001100 00 11311181111111111· 111 1111111111 11111111» 11111 8888811
joun 00011 11 10 mourut 00 0001000. Mais 0000 010 11111181888118811118188011101.0οἰ1100000011000000
momentum] 101001010011110101 violentes 001 000· 11111111111111111111111101 1081 faire 00110000 00
10011 0000111101εο 10000001, 101 0110000 00 00110000· 1811 1881 11 1818111111 11 1118111810· Petu-&m 10
0001. Lu 100100 0011 0001011000 0000110011 10 univit 11111111 1111111 1111 1111111111 11118011111888 1111101080.
10100·ου 1000110ος000, 000011οἰ1 venir 1111010100011 1118111111111181111881· 1811181 111 188 1118111 11011 1881
00011 0001000 0000100 successeur. il lui nt promente 8811111111 111 118111 1111 11111111111111ἱ 11111 8’1 0 88·
00100000001001, 0100001 100 00000101 1011100 00- 1881 8110811881 (11111 88111188 1168001001100010 0001
110011001100110011010010100010110,(121) 11000 101- 1118111118 11 1111111 111111 1111 11111111 11811188111111, 81
quemnam §emieat [000 fawele„ nj 10„ 0000. 00111101101010001101000001101100 000 0000011000
00000 0010000101101001101110 00 verbu 01100111 0001 181111 1111111111 11111111· 1111111111 11 11111881 18 88111881
1100000011010010110001. 1111οἑ010 10 100ος mais, 1011 1181881111111111 11111110111111 111 1111111111 8881818188
0οἯ 101010100οὀ 000 100100 101 010000001000101010 1111111 11111111 11111 1111111 1111 11181111 180001100010
’1001000000000101100010000000 0101001 00010110 1111111111 1111111111 11111 1 111111111111111111111811181118
00011100 0011000100110001100000010 000100 111 ca· 1111118881 (1151 111 11181118 111 1181811181 1111118111
1100110000, 0011 000 001 01000000 repugnassent 010 08180001108800000000001101001110000101011ιὶ1
0000100 00 100 10001000110111 0 10 bont& 00100οῑ10 00 voyage 1001 10010101 00 zenon.
(00011 100011 beaucoup 00 10 00001 1100001010), 11110 00 1811181111 801181108008100110 00003010 10000000
1000000100110101010110), 0000 00 00100 0000010, 000 qui 00 00010010 01110000 11 00000000 00 setus-(mrim
000 ’1001001000 001 00000 connaissance. 11 00000 101 ΙΙ 0000101100 honneur 10 roi 00 Colchide. 10 11101011·
000011 000001100110 11100100110011 0001 1001 11001 000 01 1000010 0000100 1110 (1100010. ibim). 11 lui 11
000111 uvamque 00 montemurlo 10000. 1.*00000 00· 10000001010010000, 00010000 00 distinction. 1110
01101010010001001111001000110000100000010000; 00010000100101010000.11101 00000 000 10000000
11100001000001 00 grand nombre. Le 000010 110010 0080010110100110(1000100001οη 00000100, 001 001011
101000000010100 1010 100 10 010001 00 100100, les 0100010000100001,00 &tait 11010ςο 00 1100000000
001 ayant 010 (222) 1101001, 0001000 010 1101000000 00 0010011 10 brederio, 01 plusieurs 001000 00001011
00000100101000010. 00 111 00000101 1 10 grande grand 0010, 11 10 0100000 10001ιο 0010 1000000000οι
001110010001001100 10000000 00 Dian 00 00100100 101111010811110110001000011000101000 0010001010
100000101110000110 0011000011 00 0011001 001 hubi· 010 00 tempu 10 Colchide 101 10010 0100000001. Cels
10110100111000000 ville. 000100000110 01000 00 0000000, 001 00 1100001110
1000000110000011000000001000100 t 110000 1001· 0001000100010000011 y 101 00101 100110 0110111
000000001100011110111 0110010000000 00011ου10 00100001000110100.

0010100100 01 011 1010011 00000101 0000001οο ce
0001010. 110 [0000001101 000 001 themius 00100ου00 10

ja) (11001010100011100001010 captivo 10010011 00011 001100101οἱ 81811111’81111818111,01 100 001011 him
111111 118818· 01000 qui 1001 0000100 et 10101 001 00 001100 10 10
(ὁ) 11. 1111000. 0000100 Histoire 0001000111ου0, 000· 0000001001 100010 522.
00011001 0010100011100010 52³, 0001 11 00010101

 

